%YAML:1.0
---
camera_matrix: !!opencv-matrix
   rows: 3
   cols: 3
   dt: d
   data: [ 2539.2185621977783, 0., 736.9600937061922, 0.,
       2537.2600213334517, 382.50325491968823, 0., 0., 1. ]
distortion_coefficients: !!opencv-matrix
   rows: 1
   cols: 5
   dt: d
   data: [ 1.8637555882439973, -73.000083304801109, 0.14156644703709834,
       0.094942616912266034, 680.92348287846028 ]
